[    0,   896,   717,   641,   821,   896,   896,   717,   821,   896,   896,   641,   821,   896,   641,   641,   641,   896,   641,   717,   896]
[  896,     0,   164,   222,   896,   896,     0,   896,    82,   896,     0,   222,    82,     0,   222,   222,   222,     0,   222,   164,     0]
[  717,   164,     0,    82,   821,   896,   164,   717,   222,   896,   164,    82,   222,   164,    82,    82,    82,   164,    82,     0,   164]
[  641,   222,    82,     0,   821,   896,   222,   717,   164,   896,   222,     0,   164,   222,     0,     0,     0,   222,     0,    82,   222]
[  821,   896,   821,   821,     0,    82,   896,   222,   821,    82,   896,   821,   821,   896,   821,   821,   821,   896,   821,   821,   896]
[  896,   896,   896,   896,    82,     0,   896,   164,   896,     0,   896,   896,   896,   896,   896,   896,   896,   896,   896,   896,   896]
[  896,     0,   164,   222,   896,   896,     0,   896,    82,   896,     0,   222,    82,     0,   222,   222,   222,     0,   222,   164,     0]
[  717,   896,   717,   717,   222,   164,   896,     0,   821,   164,   896,   717,   821,   896,   717,   717,   717,   896,   717,   717,   896]
[  821,    82,   222,   164,   821,   896,    82,   821,     0,   896,    82,   164,     0,    82,   164,   164,   164,    82,   164,   222,    82]
[  896,   896,   896,   896,    82,     0,   896,   164,   896,     0,   896,   896,   896,   896,   896,   896,   896,   896,   896,   896,   896]
[  896,     0,   164,   222,   896,   896,     0,   896,    82,   896,     0,   222,    82,     0,   222,   222,   222,     0,   222,   164,     0]
[  641,   222,    82,     0,   821,   896,   222,   717,   164,   896,   222,     0,   164,   222,     0,     0,     0,   222,     0,    82,   222]
[  821,    82,   222,   164,   821,   896,    82,   821,     0,   896,    82,   164,     0,    82,   164,   164,   164,    82,   164,   222,    82]
[  896,     0,   164,   222,   896,   896,     0,   896,    82,   896,     0,   222,    82,     0,   222,   222,   222,     0,   222,   164,     0]
[  641,   222,    82,     0,   821,   896,   222,   717,   164,   896,   222,     0,   164,   222,     0,     0,     0,   222,     0,    82,   222]
[  641,   222,    82,     0,   821,   896,   222,   717,   164,   896,   222,     0,   164,   222,     0,     0,     0,   222,     0,    82,   222]
[  641,   222,    82,     0,   821,   896,   222,   717,   164,   896,   222,     0,   164,   222,     0,     0,     0,   222,     0,    82,   222]
[  896,     0,   164,   222,   896,   896,     0,   896,    82,   896,     0,   222,    82,     0,   222,   222,   222,     0,   222,   164,     0]
[  641,   222,    82,     0,   821,   896,   222,   717,   164,   896,   222,     0,   164,   222,     0,     0,     0,   222,     0,    82,   222]
[  717,   164,     0,    82,   821,   896,   164,   717,   222,   896,   164,    82,   222,   164,    82,    82,    82,   164,    82,     0,   164]
[  896,     0,   164,   222,   896,   896,     0,   896,    82,   896,     0,   222,    82,     0,   222,   222,   222,     0,   222,   164,     0]