[    0,     0,     0,     0,     0,     0,     0,     0,     0,     0,     0,     0,     0,     0,     0,     0,     0,     0,     0,     0,     0]
[    0,     0,  1562,  1562,   168,  1562,     0,     0,  1562,   166,  1562,   168,   168,   168,   166,   168,  1560,   170,   168,   168,   166]
[    0,  1562,     0,     0,  1562,     0,  1562,  1562,     0,  1560,     0,  1562,  1562,  1562,  1560,  1562,   154,  1564,  1562,  1562,  1560]
[    0,  1562,     0,     0,  1562,     0,  1562,  1562,     0,  1560,     0,  1562,  1562,  1562,  1560,  1562,   154,  1564,  1562,  1562,  1560]
[    0,   168,  1562,  1562,     0,  1562,   168,   168,  1562,   166,  1562,     0,     0,     0,   166,     0,  1560,   170,     0,     0,   166]
[    0,  1562,     0,     0,  1562,     0,  1562,  1562,     0,  1560,     0,  1562,  1562,  1562,  1560,  1562,   154,  1564,  1562,  1562,  1560]
[    0,     0,  1562,  1562,   168,  1562,     0,     0,  1562,   166,  1562,   168,   168,   168,   166,   168,  1560,   170,   168,   168,   166]
[    0,     0,  1562,  1562,   168,  1562,     0,     0,  1562,   166,  1562,   168,   168,   168,   166,   168,  1560,   170,   168,   168,   166]
[    0,  1562,     0,     0,  1562,     0,  1562,  1562,     0,  1560,     0,  1562,  1562,  1562,  1560,  1562,   154,  1564,  1562,  1562,  1560]
[    0,   166,  1560,  1560,   166,  1560,   166,   166,  1560,     0,  1560,   166,   166,   166,   164,   166,  1558,   168,   166,   166,   164]
[    0,  1562,     0,     0,  1562,     0,  1562,  1562,     0,  1560,     0,  1562,  1562,  1562,  1560,  1562,   154,  1564,  1562,  1562,  1560]
[    0,   168,  1562,  1562,     0,  1562,   168,   168,  1562,   166,  1562,     0,     0,     0,   166,     0,  1560,   170,     0,     0,   166]
[    0,   168,  1562,  1562,     0,  1562,   168,   168,  1562,   166,  1562,     0,     0,     0,   166,     0,  1560,   170,     0,     0,   166]
[    0,   168,  1562,  1562,     0,  1562,   168,   168,  1562,   166,  1562,     0,     0,     0,   166,     0,  1560,   170,     0,     0,   166]
[    0,   166,  1560,  1560,   166,  1560,   166,   166,  1560,   164,  1560,   166,   166,   166,     0,   166,  1558,   168,   166,   166,     0]
[    0,   168,  1562,  1562,     0,  1562,   168,   168,  1562,   166,  1562,     0,     0,     0,   166,     0,  1560,   170,     0,     0,   166]
[    0,  1560,   154,   154,  1560,   154,  1560,  1560,   154,  1558,   154,  1560,  1560,  1560,  1558,  1560,     0,  1562,  1560,  1560,  1558]
[    0,   170,  1564,  1564,   170,  1564,   170,   170,  1564,   168,  1564,   170,   170,   170,   168,   170,  1562,     0,   170,   170,   168]
[    0,   168,  1562,  1562,     0,  1562,   168,   168,  1562,   166,  1562,     0,     0,     0,   166,     0,  1560,   170,     0,     0,   166]
[    0,   168,  1562,  1562,     0,  1562,   168,   168,  1562,   166,  1562,     0,     0,     0,   166,     0,  1560,   170,     0,     0,   166]
[    0,   166,  1560,  1560,   166,  1560,   166,   166,  1560,   164,  1560,   166,   166,   166,     0,   166,  1558,   168,   166,   166,     0]