[    0,  5966,  5456,  6116,  5966,  6074,  5928,  5966,  5925,  6113,  5456,  5966,  5966,  5925,  5928,  5456,  5456,  5966,  5456,  5963,  5966]
[ 5966,     0,  5966,  6116,  5966,  6074,  5966,  5966,  5966,  6113,  5966,  5966,  5966,  5966,  5966,  5966,  5966,  5966,  5966,  5966,  5966]
[ 5456,  5966,     0,  6116,  5966,  6074,  5928,  5966,  5925,  6113,  5456,  5966,  5966,  5925,  5928,  5456,  5456,  5966,  5456,  5963,  5966]
[ 6116,  6116,  6116,     0,     0,  5966,  6116,  6116,  6116,  5966,  6116,  6116,  6116,  6116,  6116,  6116,  6116,  6116,  6116,  6116,  6116]
[ 5966,  5966,  5966,     0,     0,  6074,  5966,  5966,  5966,  6113,  5966,  5966,  5966,  5966,  5966,  5966,  5966,  5966,  5966,  5966,  5966]
[ 6074,  6074,  6074,  5966,  6074,     0,  6074,  6074,  6074,  5963,  6074,  6074,  6074,  6074,  6074,  6074,  6074,  6074,  6074,  6074,  6074]
[ 5928,  5966,  5928,  6116,  5966,  6074,     0,  5966,  5928,  6113,  5928,  5966,  5966,  5928,  5928,  5928,  5928,  5966,  5928,  5963,  5966]
[ 5966,  5966,  5966,  6116,  5966,  6074,  5966,     0,  5966,  6113,  5966,     0,  5966,  5966,  5966,  5966,  5966,  5966,  5966,  5966,  5966]
[ 5925,  5966,  5925,  6116,  5966,  6074,  5928,  5966,     0,  6113,  5925,  5966,  5966,  5925,  5928,  5925,  5925,  5966,  5925,  5963,  5966]
[ 6113,  6113,  6113,  5966,  6113,  5963,  6113,  6113,  6113,     0,  6113,  6113,  6113,  6113,  6113,  6113,  6113,  6113,  6113,  6113,  6113]
[ 5456,  5966,  5456,  6116,  5966,  6074,  5928,  5966,  5925,  6113,     0,  5966,  5966,  5925,  5928,  5456,  5456,  5966,  5456,  5963,  5966]
[ 5966,  5966,  5966,  6116,  5966,  6074,  5966,     0,  5966,  6113,  5966,     0,  5966,  5966,  5966,  5966,  5966,  5966,  5966,  5966,  5966]
[ 5966,  5966,  5966,  6116,  5966,  6074,  5966,  5966,  5966,  6113,  5966,  5966,     0,  5966,  5966,  5966,  5966,  5966,  5966,  5966,  5966]
[ 5925,  5966,  5925,  6116,  5966,  6074,  5928,  5966,  5925,  6113,  5925,  5966,  5966,     0,  5928,  5925,  5925,  5966,  5925,  5963,  5966]
[ 5928,  5966,  5928,  6116,  5966,  6074,  5928,  5966,  5928,  6113,  5928,  5966,  5966,  5928,     0,  5928,  5928,  5966,  5928,  5963,  5966]
[ 5456,  5966,  5456,  6116,  5966,  6074,  5928,  5966,  5925,  6113,  5456,  5966,  5966,  5925,  5928,     0,  5456,  5966,  5456,  5963,  5966]
[ 5456,  5966,  5456,  6116,  5966,  6074,  5928,  5966,  5925,  6113,  5456,  5966,  5966,  5925,  5928,  5456,     0,  5966,  5456,  5963,  5966]
[ 5966,  5966,  5966,  6116,  5966,  6074,  5966,  5966,  5966,  6113,  5966,  5966,  5966,  5966,  5966,  5966,  5966,     0,  5966,  5966,  5966]
[ 5456,  5966,  5456,  6116,  5966,  6074,  5928,  5966,  5925,  6113,  5456,  5966,  5966,  5925,  5928,  5456,  5456,  5966,     0,  5963,  5966]
[ 5963,  5966,  5963,  6116,  5966,  6074,  5963,  5966,  5963,  6113,  5963,  5966,  5966,  5963,  5963,  5963,  5963,  5966,  5963,     0,  5966]
[ 5966,  5966,  5966,  6116,  5966,  6074,  5966,  5966,  5966,  6113,  5966,  5966,  5966,  5966,  5966,  5966,  5966,  5966,  5966,  5966,     0]