[    0,     0,     0,     0,     0,     0,     0,     0,     0,     0,     0,     0,     0,     0,     0,     0,     0,     0,     0,     0,     0]
[    0,     0,  2732,  2845,  3175,   732,   732,   708,   722,   732,   752,   712,  3165,  3065,  2841,   722,   742,     0,   800,   712,   796]
[    0,  2732,     0,  4688,  5018,  2770,  2770,  2746,  2760,  2770,  2265,  2750,  4908,  4908,  4684,  2760,  2780,  2732,  2759,  2750,  2755]
[    0,  2845,  4688,     0,  4854,  2883,  2883,  2859,  2873,  2883,  2826,  2863,  4744,  4744,  4520,  2873,  2893,  2845,  2874,  2863,  2870]
[    0,  3175,  5018,  4854,     0,  3213,  3213,  3189,  3203,  3213,  3156,  3193,  5074,  5074,  4850,  3203,  3223,  3175,  3204,  3193,  3200]
[    0,   732,  2770,  2883,  3213,     0,   770,   746,   760,   770,   790,   750,  3103,  3103,  2879,   760,   780,   732,   838,   750,   834]
[    0,   732,  2770,  2883,  3213,   770,     0,   746,   760,   770,   790,   750,  3203,  3103,  2879,   760,   780,   732,   838,   750,   834]
[    0,   708,  2746,  2859,  3189,   746,   746,     0,   736,   746,   766,   726,  3079,  3079,  2855,   736,   756,   708,   814,   726,   810]
[    0,   722,  2760,  2873,  3203,   760,   760,   736,     0,   760,   780,   740,  3193,  3093,  2869,   750,   770,   722,   828,   740,   824]
[    0,   732,  2770,  2883,  3213,   770,   770,   746,   760,     0,   790,   750,  3103,  3103,  2879,   760,   780,   732,   838,   750,   834]
[    0,   752,  2265,  2826,  3156,   790,   790,   766,   780,   790,     0,   770,  3046,  3046,  2822,   780,   800,   752,   702,   770,   698]
[    0,   712,  2750,  2863,  3193,   750,   750,   726,   740,   750,   770,     0,  3183,  3083,  2859,   740,   760,   712,   818,   730,   814]
[    0,  3165,  4908,  4744,  5074,  3103,  3203,  3079,  3193,  3103,  3046,  3183,     0,  4964,  4740,  3093,  3113,  3065,  3194,  3183,  3090]
[    0,  3065,  4908,  4744,  5074,  3103,  3103,  3079,  3093,  3103,  3046,  3083,  4964,     0,  4740,  3093,  3113,  3065,  3094,  3083,  3090]
[    0,  2841,  4684,  4520,  4850,  2879,  2879,  2855,  2869,  2879,  2822,  2859,  4740,  4740,     0,  2869,  2889,  2841,  2870,  2959,  2866]
[    0,   722,  2760,  2873,  3203,   760,   760,   736,   750,   760,   780,   740,  3093,  3093,  2869,     0,   770,   722,   828,   740,   159]
[    0,   742,  2780,  2893,  3223,   780,   780,   756,   770,   780,   800,   760,  3113,  3113,  2889,   770,     0,   742,   848,   760,   844]
[    0,     0,  2732,  2845,  3175,   732,   732,   708,   722,   732,   752,   712,  3065,  3065,  2841,   722,   742,     0,   800,   712,   796]
[    0,   800,  2759,  2874,  3204,   838,   838,   814,   828,   838,   702,   818,  3194,  3094,  2870,   828,   848,   800,     0,   818,   746]
[    0,   712,  2750,  2863,  3193,   750,   750,   726,   740,   750,   770,   730,  3183,  3083,  2959,   740,   760,   712,   818,     0,   814]
[    0,   796,  2755,  2870,  3200,   834,   834,   810,   824,   834,   698,   814,  3090,  3090,  2866,   159,   844,   796,   746,   814,     0]