[    0,  4811,  6774,  7002,  6544,  5156,  6250,  5156,  5408,  5356,  6321,  6908,  6764,  7076,  6319,  6774,  5124,  6478,  7076,  6250,  5032]
[ 4811,     0,  6774,  7002,  6544,  5156,  2475,  5156,  5408,  5356,  6321,  6908,  6764,  7076,  6319,  6774,  5124,  6478,  7076,  2474,  5032]
[ 6774,  6774,     0,  7002,  6774,  6774,  6774,  6774,  2792,  6774,  6774,  6908,  6774,  3457,  6774,     0,  6774,  6774,    89,  6774,  6774]
[ 7002,  7002,  7002,     0,  7002,  2780,  7002,  2780,  7002,  2881,  7002,  7002,  7002,  7076,  7002,  7002,  7002,  7002,  7076,  7002,  7002]
[ 6544,  6544,  6774,  7002,     0,  6544,  6544,  6544,  6544,  6544,  6544,  6908,  6764,  7076,  6544,  6774,  6544,  6544,  7076,  6544,  2599]
[ 5156,  5156,  6774,  2780,  6544,     0,  6250,     0,  5408,    87,  6321,  6908,  6764,  7076,  6319,  6774,  5156,  6478,  7076,  6250,  5156]
[ 6250,  2475,  6774,  7002,  6544,  6250,     0,  6250,  6250,  6250,  6321,  6908,  6764,  7076,  6319,  6774,  6250,  6478,  7076,     2,  6250]
[ 5156,  5156,  6774,  2780,  6544,     0,  6250,     0,  5408,    87,  6321,  6908,  6764,  7076,  6319,  6774,  5156,  6478,  7076,  6250,  5156]
[ 5408,  5408,  2792,  7002,  6544,  5408,  6250,  5408,     0,  5408,  6321,  6908,  6764,  2813,  6319,  2792,  5408,  6478,  2913,  6250,  5408]
[ 5356,  5356,  6774,  2881,  6544,    87,  6250,    87,  5408,     0,  6321,  6908,  6764,  7076,  6319,  6774,  5356,  6478,  7076,  6250,  5356]
[ 6321,  6321,  6774,  7002,  6544,  6321,  6321,  6321,  6321,  6321,     0,  6908,  6764,  7076,  3076,  6774,  6321,  6478,  7076,  6321,  6321]
[ 6908,  6908,  6908,  7002,  6908,  6908,  6908,  6908,  6908,  6908,  6908,     0,  6908,  7076,  6908,  6908,  6908,  6908,  7076,  6908,  6908]
[ 6764,  6764,  6774,  7002,  6764,  6764,  6764,  6764,  6764,  6764,  6764,  6908,     0,  7076,  6764,  6774,  6764,  3295,  7076,  6764,  6764]
[ 7076,  7076,  3457,  7076,  7076,  7076,  7076,  7076,  2813,  7076,  7076,  7076,  7076,     0,  7076,  3457,  7076,  7076,  3457,  7076,  7076]
[ 6319,  6319,  6774,  7002,  6544,  6319,  6319,  6319,  6319,  6319,  3076,  6908,  6764,  7076,     0,  6774,  6319,  6478,  7076,  6319,  6319]
[ 6774,  6774,     0,  7002,  6774,  6774,  6774,  6774,  2792,  6774,  6774,  6908,  6774,  3457,  6774,     0,  6774,  6774,    89,  6774,  6774]
[ 5124,  5124,  6774,  7002,  6544,  5156,  6250,  5156,  5408,  5356,  6321,  6908,  6764,  7076,  6319,  6774,     0,  6478,  7076,  6250,  5124]
[ 6478,  6478,  6774,  7002,  6544,  6478,  6478,  6478,  6478,  6478,  6478,  6908,  3295,  7076,  6478,  6774,  6478,     0,  7076,  6478,  6478]
[ 7076,  7076,    89,  7076,  7076,  7076,  7076,  7076,  2913,  7076,  7076,  7076,  7076,  3457,  7076,    89,  7076,  7076,     0,  7076,  7076]
[ 6250,  2474,  6774,  7002,  6544,  6250,     2,  6250,  6250,  6250,  6321,  6908,  6764,  7076,  6319,  6774,  6250,  6478,  7076,     0,  6250]
[ 5032,  5032,  6774,  7002,  2599,  5156,  6250,  5156,  5408,  5356,  6321,  6908,  6764,  7076,  6319,  6774,  5124,  6478,  7076,  6250,     0]