[    0,  6613,  6544,  5408,  6774,  4861,  5124,  5124,  4987,  5156,  5154,  5406,  6707,  6707,  6544,  5176,  6482,  4865,  6476,  6693,  6909]
[ 6613,     0,  6613,  6613,  6774,  6613,  6613,  6613,  6613,  6613,  6613,  6613,  6707,  6707,  6613,  6613,  6613,  6613,  6613,  6693,  3376]
[ 6544,  6613,     0,  6544,  6774,  6544,  6544,  6544,  6544,  6544,  6544,  6544,  6707,  6707,     0,  6544,  6544,  6544,  6544,  6693,  6909]
[ 5408,  6613,  6544,     0,  3435,  5408,  5408,  5408,  5408,  5408,  5408,     1,  6707,  6707,  6544,  5408,  6482,  5408,  6476,  6693,  6909]
[ 6774,  6774,  6774,  3435,     0,  6774,  6774,  6774,  6774,  6774,  6774,  3435,  6774,  6774,  6774,  6774,  6774,  6774,  6774,  6774,  6909]
[ 4861,  6613,  6544,  5408,  6774,     0,  5124,  5124,  4987,  5156,  5154,  5406,  6707,  6707,  6544,  5176,  6482,     2,  6476,  6693,  6909]
[ 5124,  6613,  6544,  5408,  6774,  5124,     0,     0,  5124,  5156,  5154,  5406,  6707,  6707,  6544,  5176,  6482,  5124,  6476,  3504,  6909]
[ 5124,  6613,  6544,  5408,  6774,  5124,     0,     0,  5124,  5156,  5154,  5406,  6707,  6707,  6544,  5176,  6482,  5124,  6476,  3504,  6909]
[ 4987,  6613,  6544,  5408,  6774,  4987,  5124,  5124,     0,  5156,  5154,  5406,  6707,  6707,  6544,    86,  3277,  4987,  3276,  6693,  6909]
[ 5156,  6613,  6544,  5408,  6774,  5156,  5156,  5156,  5156,     0,     1,  5406,  3399,  3399,  6544,  5176,  6482,  5156,  6476,  6693,  6909]
[ 5154,  6613,  6544,  5408,  6774,  5154,  5154,  5154,  5154,     1,     0,  5406,  3399,  3399,  6544,  5176,  6482,  5154,  6476,  6693,  6909]
[ 5406,  6613,  6544,     1,  3435,  5406,  5406,  5406,  5406,  5406,  5406,     0,  6707,  6707,  6544,  5406,  6482,  5406,  6476,  6693,  6909]
[ 6707,  6707,  6707,  6707,  6774,  6707,  6707,  6707,  6707,  3399,  3399,  6707,     0,     0,  6707,  6707,  6707,  6707,  6707,  6707,  6909]
[ 6707,  6707,  6707,  6707,  6774,  6707,  6707,  6707,  6707,  3399,  3399,  6707,     0,     0,  6707,  6707,  6707,  6707,  6707,  6707,  6909]
[ 6544,  6613,     0,  6544,  6774,  6544,  6544,  6544,  6544,  6544,  6544,  6544,  6707,  6707,     0,  6544,  6544,  6544,  6544,  6693,  6909]
[ 5176,  6613,  6544,  5408,  6774,  5176,  5176,  5176,    86,  5176,  5176,  5406,  6707,  6707,  6544,     0,  3277,  5176,  3400,  6693,  6909]
[ 6482,  6613,  6544,  6482,  6774,  6482,  6482,  6482,  3277,  6482,  6482,  6482,  6707,  6707,  6544,  3277,     0,  6482,  3153,  6693,  6909]
[ 4865,  6613,  6544,  5408,  6774,     2,  5124,  5124,  4987,  5156,  5154,  5406,  6707,  6707,  6544,  5176,  6482,     0,  6476,  6693,  6909]
[ 6476,  6613,  6544,  6476,  6774,  6476,  6476,  6476,  3276,  6476,  6476,  6476,  6707,  6707,  6544,  3400,  3153,  6476,     0,  6693,  6909]
[ 6693,  6693,  6693,  6693,  6774,  6693,  3504,  3504,  6693,  6693,  6693,  6693,  6707,  6707,  6693,  6693,  6693,  6693,  6693,     0,  6909]
[ 6909,  3376,  6909,  6909,  6909,  6909,  6909,  6909,  6909,  6909,  6909,  6909,  6909,  6909,  6909,  6909,  6909,  6909,  6909,  6909,     0]