[    0,  5086,  6707,  6774,  5084,  4809,  5032,  5225,  5032,  6615,  6615,  5154,  6703,  6835,  6764,  5206,  6707,  5356,  6774,  6542,  6772]
[ 5086,     0,  6707,  6774,     1,  5086,  5086,  5225,  5086,  3356,  3356,  5154,  6703,  6835,  6764,  5206,  6707,  5356,  6774,  6542,  6772]
[ 6707,  6707,     0,  6774,  6707,  6707,  6707,  6707,  6707,  6707,  6707,  3399,  3270,  6835,  6764,  6707,     0,  3399,  6774,  6707,  6772]
[ 6774,  6774,  6774,     0,  6774,  6774,  6774,  6774,  6774,  6774,  6774,  6774,  6774,  6835,  6774,  3435,  6774,  6774,     0,  6774,     1]
[ 5084,     1,  6707,  6774,     0,  5084,  5084,  5225,  5084,  3356,  3355,  5154,  6703,  6835,  6764,  5206,  6707,  5356,  6774,  6542,  6772]
[ 4809,  5086,  6707,  6774,  5084,     0,  5032,  5225,  5032,  6615,  6615,  5154,  6703,  6835,  6764,  5206,  6707,  5356,  6774,  6542,  6772]
[ 5032,  5086,  6707,  6774,  5084,  5032,     0,    86,     2,  6615,  6615,  5154,  6703,  3464,  6764,  5206,  6707,  5356,  6774,  3317,  6772]
[ 5225,  5225,  6707,  6774,  5225,  5225,    86,     0,    86,  6615,  6615,  5225,  6703,  3462,  6764,  5225,  6707,  5356,  6774,  3443,  6772]
[ 5032,  5086,  6707,  6774,  5084,  5032,     2,    86,     0,  6615,  6615,  5154,  6703,  3463,  6764,  5206,  6707,  5356,  6774,  3317,  6772]
[ 6615,  3356,  6707,  6774,  3356,  6615,  6615,  6615,  6615,     0,     2,  6615,  6703,  6835,  6764,  6615,  6707,  6615,  6774,  6615,  6772]
[ 6615,  3356,  6707,  6774,  3355,  6615,  6615,  6615,  6615,     2,     0,  6615,  6703,  6835,  6764,  6615,  6707,  6615,  6774,  6615,  6772]
[ 5154,  5154,  3399,  6774,  5154,  5154,  5154,  5225,  5154,  6615,  6615,     0,  3397,  6835,  6764,  5206,  3399,    88,  6774,  6542,  6772]
[ 6703,  6703,  3270,  6774,  6703,  6703,  6703,  6703,  6703,  6703,  6703,  3397,     0,  6835,  6764,  6703,  3270,  3528,  6774,  6703,  6772]
[ 6835,  6835,  6835,  6835,  6835,  6835,  3464,  3462,  3463,  6835,  6835,  6835,  6835,     0,  6835,  6835,  6835,  6835,  6835,  3336,  6835]
[ 6764,  6764,  6764,  6774,  6764,  6764,  6764,  6764,  6764,  6764,  6764,  6764,  6764,  6835,     0,  6764,  6764,  6764,  6774,  6764,  6772]
[ 5206,  5206,  6707,  3435,  5206,  5206,  5206,  5225,  5206,  6615,  6615,  5206,  6703,  6835,  6764,     0,  6707,  5356,  3435,  6542,  3435]
[ 6707,  6707,     0,  6774,  6707,  6707,  6707,  6707,  6707,  6707,  6707,  3399,  3270,  6835,  6764,  6707,     0,  3399,  6774,  6707,  6772]
[ 5356,  5356,  3399,  6774,  5356,  5356,  5356,  5356,  5356,  6615,  6615,    88,  3528,  6835,  6764,  5356,  3399,     0,  6774,  6542,  6772]
[ 6774,  6774,  6774,     0,  6774,  6774,  6774,  6774,  6774,  6774,  6774,  6774,  6774,  6835,  6774,  3435,  6774,  6774,     0,  6774,     1]
[ 6542,  6542,  6707,  6774,  6542,  6542,  3317,  3443,  3317,  6615,  6615,  6542,  6703,  3336,  6764,  6542,  6707,  6542,  6774,     0,  6772]
[ 6772,  6772,  6772,     1,  6772,  6772,  6772,  6772,  6772,  6772,  6772,  6772,  6772,  6835,  6772,  3435,  6772,  6772,     1,  6772,     0]