[    0,  2491,  2767,  2829,  2676,  2655,  2571,  2655,  2767,  2742,  2597,  2788,  2746,  2856,  2596,  2767,  2751,  2661,  2856,  2571,  2592]
[ 2491,     0,  2767,  2829,  2676,  2655,  4029,  2655,  2767,  2742,  2597,  2788,  2746,  2856,  2596,  2767,  2751,  2661,  2856,  3744,  2592]
[ 2767,  2767,     0,  2829,  2767,  2767,  2767,  2767,  4477,  2767,  2767,  2788,  2767,  4325,  2767,     0,  2767,  2767,  4325,  2767,  2767]
[ 2829,  2829,  2829,     0,  2829,  4187,  2829,  4187,  2829,  4274,  2829,  2829,  2829,  2856,  2829,  2829,  2829,  2829,  2856,  2829,  2829]
[ 2676,  2676,  2767,  2829,     0,  2676,  2676,  2676,  2767,  2742,  2676,  2788,  2746,  2856,  2676,  2767,  2751,  2676,  2856,  2676,  4003]
[ 2655,  2655,  2767,  4187,  2676,     0,  2655,     0,  2767,  4100,  2655,  2788,  2746,  2856,  2655,  2767,  2751,  2661,  2856,  2655,  2655]
[ 2571,  4029,  2767,  2829,  2676,  2655,     0,  2655,  2767,  2742,  2597,  2788,  2746,  2856,  2596,  2767,  2751,  2661,  2856,   284,  2592]
[ 2655,  2655,  2767,  4187,  2676,     0,  2655,     0,  2767,  4100,  2655,  2788,  2746,  2856,  2655,  2767,  2751,  2661,  2856,  2655,  2655]
[ 2767,  2767,  4477,  2829,  2767,  2767,  2767,  2767,     0,  2767,  2767,  2788,  2767,  4567,  2767,  4478,  2767,  2767,  4567,  2767,  2767]
[ 2742,  2742,  2767,  4274,  2742,  4100,  2742,  4100,  2767,     0,  2742,  2788,  2746,  2856,  2742,  2767,  2751,  2742,  2856,  2742,  2742]
[ 2597,  2597,  2767,  2829,  2676,  2655,  2597,  2655,  2767,  2742,     0,  2788,  2746,  2856,  4160,  2767,  2751,  2661,  2856,  2597,  2597]
[ 2788,  2788,  2788,  2829,  2788,  2788,  2788,  2788,  2788,  2788,  2788,     0,  2788,  2856,  2788,  2788,  2788,  2788,  2856,  2788,  2788]
[ 2746,  2746,  2767,  2829,  2746,  2746,  2746,  2746,  2767,  2746,  2746,  2788,     0,  2856,  2746,  2767,  2751,  4351,  2856,  2746,  2746]
[ 2856,  2856,  4325,  2856,  2856,  2856,  2856,  2856,  4567,  2856,  2856,  2856,  2856,     0,  2856,  4325,  2856,  2856,  4414,  2856,  2856]
[ 2596,  2596,  2767,  2829,  2676,  2655,  2596,  2655,  2767,  2742,  4160,  2788,  2746,  2856,     0,  2767,  2751,  2661,  2856,  2596,  2596]
[ 2767,  2767,     0,  2829,  2767,  2767,  2767,  2767,  4478,  2767,  2767,  2788,  2767,  4325,  2767,     0,  2767,  2767,  4325,  2767,  2767]
[ 2751,  2751,  2767,  2829,  2751,  2751,  2751,  2751,  2767,  2751,  2751,  2788,  2751,  2856,  2751,  2767,     0,  2751,  2856,  2751,  2751]
[ 2661,  2661,  2767,  2829,  2676,  2661,  2661,  2661,  2767,  2742,  2661,  2788,  4351,  2856,  2661,  2767,  2751,     0,  2856,  2661,  2661]
[ 2856,  2856,  4325,  2856,  2856,  2856,  2856,  2856,  4567,  2856,  2856,  2856,  2856,  4414,  2856,  4325,  2856,  2856,     0,  2856,  2856]
[ 2571,  3744,  2767,  2829,  2676,  2655,   284,  2655,  2767,  2742,  2597,  2788,  2746,  2856,  2596,  2767,  2751,  2661,  2856,     0,  2592]
[ 2592,  2592,  2767,  2829,  4003,  2655,  2592,  2655,  2767,  2742,  2597,  2788,  2746,  2856,  2596,  2767,  2751,  2661,  2856,  2592,     0]