[    0,  4811,  5354,  5204,  5281,  4995,  6321,  7000,  6544,  5084,  5126,  6615,  7003,  5082,  6250,  6599,  7003,  5176,  6248,  5086,  5156]
[ 4811,     0,  5354,  5204,  5281,    82,  6321,  7000,  6544,  5084,  5126,  6615,  7003,  5082,  2474,  6599,  7003,  5176,  2474,  5086,  5156]
[ 5354,  5354,     0,  5354,  5354,  5354,  6321,  2880,  6544,  5354,  5354,  6615,  2781,  5354,  6250,  6599,  2881,  5354,  6248,  5354,    88]
[ 5204,  5204,  5354,     0,  5281,  5204,  6321,  7000,  6544,  5204,  5204,  6615,  7003,  5204,  6250,  6599,  7003,  5204,  6248,  5204,  5204]
[ 5281,  5281,  5354,  5281,     0,  5281,  6321,  7000,  6544,    88,  5281,  2629,  7003,    87,  6250,  6599,  7003,  5281,  6248,    87,  5281]
[ 4995,    82,  5354,  5204,  5281,     0,  6321,  7000,  6544,  5084,  5126,  6615,  7003,  5082,  2567,  6599,  7003,  5176,  2566,  5086,  5156]
[ 6321,  6321,  6321,  6321,  6321,  6321,     0,  7000,  6544,  6321,  6321,  6615,  7003,  6321,  6321,  3217,  7003,  6321,  6321,  6321,  6321]
[ 7000,  7000,  2880,  7000,  7000,  7000,  7000,     0,  7000,  7000,  7000,  7000,  3418,  7000,  7000,  7000,     1,  7000,  7000,  7000,  2781]
[ 6544,  6544,  6544,  6544,  6544,  6544,  6544,  7000,     0,  6544,  6544,  6615,  7003,  6544,  6544,  6599,  7003,  6544,  6544,  6544,  6544]
[ 5084,  5084,  5354,  5204,    88,  5084,  6321,  7000,  6544,     0,  5126,  2630,  7003,     1,  6250,  6599,  7003,  5176,  6248,     1,  5156]
[ 5126,  5126,  5354,  5204,  5281,  5126,  6321,  7000,  6544,  5126,     0,  6615,  7003,  5126,  6250,  6599,  7003,  5176,  6248,  5126,  5156]
[ 6615,  6615,  6615,  6615,  2629,  6615,  6615,  7000,  6615,  2630,  6615,     0,  7003,  2629,  6615,  6615,  7003,  6615,  6615,  2630,  6615]
[ 7003,  7003,  2781,  7003,  7003,  7003,  7003,  3418,  7003,  7003,  7003,  7003,     0,  7003,  7003,  7003,  3419,  7003,  7003,  7003,  2782]
[ 5082,  5082,  5354,  5204,    87,  5082,  6321,  7000,  6544,     1,  5126,  2629,  7003,     0,  6250,  6599,  7003,  5176,  6248,     2,  5156]
[ 6250,  2474,  6250,  6250,  6250,  2567,  6321,  7000,  6544,  6250,  6250,  6615,  7003,  6250,     0,  6599,  7003,  6250,     1,  6250,  6250]
[ 6599,  6599,  6599,  6599,  6599,  6599,  3217,  7000,  6599,  6599,  6599,  6615,  7003,  6599,  6599,     0,  7003,  6599,  6599,  6599,  6599]
[ 7003,  7003,  2881,  7003,  7003,  7003,  7003,     1,  7003,  7003,  7003,  7003,  3419,  7003,  7003,  7003,     0,  7003,  7003,  7003,  2781]
[ 5176,  5176,  5354,  5204,  5281,  5176,  6321,  7000,  6544,  5176,  5176,  6615,  7003,  5176,  6250,  6599,  7003,     0,  6248,  5176,  5176]
[ 6248,  2474,  6248,  6248,  6248,  2566,  6321,  7000,  6544,  6248,  6248,  6615,  7003,  6248,     1,  6599,  7003,  6248,     0,  6248,  6248]
[ 5086,  5086,  5354,  5204,    87,  5086,  6321,  7000,  6544,     1,  5126,  2630,  7003,     2,  6250,  6599,  7003,  5176,  6248,     0,  5156]
[ 5156,  5156,    88,  5204,  5281,  5156,  6321,  2781,  6544,  5156,  5156,  6615,  2782,  5156,  6250,  6599,  2781,  5176,  6248,  5156,     0]