[    0,  2679,  2721,  2553,  2676,  2763,  2720,  2555,  2591,  2676,  2779,  2702,  2701,  2829,  2596,  2572,  2680,  2788,  2617,  2680,  2751]
[ 2679,     0,  2721,  2679,  2679,  2763,  2720,  2679,  2679,  2679,  2779,  2702,  2701,  2829,  2679,  2679,   240,  2788,  2679,   241,  2751]
[ 2721,  2721,     0,  3987,  2721,  2763,  4154,  4219,  2721,  2721,  2779,  2721,  2721,  2829,  2721,  2721,  2721,  2788,  2721,  2721,  4070]
[ 2553,  2679,  3987,     0,  2676,  2763,  3986,   293,  2591,  2676,  2779,  2702,  2701,  2829,  2596,  2572,  2680,  2788,  2617,  2680,  3902]
[ 2676,  2679,  2721,  2676,     0,  4405,  2720,  2676,  4002,  4087,  2779,  2702,  2701,  2829,  2676,  2676,  2680,  2788,  2676,  2680,  2751]
[ 2763,  2763,  2763,  2763,  4405,     0,  2763,  2763,  4320,  4405,  2779,  2763,  2763,  2829,  2763,  2763,  2763,  2788,  2763,  2763,  2763]
[ 2720,  2720,  4154,  3986,  2720,  2763,     0,  4218,  2720,  2720,  2779,  2720,  2720,  2829,  2720,  2720,  2720,  2788,  2720,  2720,  4069]
[ 2555,  2679,  4219,   293,  2676,  2763,  4218,     0,  2591,  2676,  2779,  2702,  2701,  2829,  2596,  2572,  2680,  2788,  2617,  2680,  4133]
[ 2591,  2679,  2721,  2591,  4002,  4320,  2720,  2591,     0,  4002,  2779,  2702,  2701,  2829,  2596,  2591,  2680,  2788,  2617,  2680,  2751]
[ 2676,  2679,  2721,  2676,  4087,  4405,  2720,  2676,  4002,     0,  2779,  2702,  2701,  2829,  2676,  2676,  2680,  2788,  2676,  2680,  2751]
[ 2779,  2779,  2779,  2779,  2779,  2779,  2779,  2779,  2779,  2779,     0,  2779,  2779,  2829,  2779,  2779,  2779,  2788,  2779,  2779,  2662]
[ 2702,  2702,  2721,  2702,  2702,  2763,  2720,  2702,  2702,  2702,  2779,     0,   234,  2829,  2702,  2702,  2702,  4222,  4051,  2702,  2751]
[ 2701,  2701,  2721,  2701,  2701,  2763,  2720,  2701,  2701,  2701,  2779,   234,     0,  2829,  2701,  2701,  2701,  4457,  4286,  2701,  2751]
[ 2829,  2829,  2829,  2829,  2829,  2829,  2829,  2829,  2829,  2829,  2829,  2829,  2829,     0,  2829,  2829,  2829,  2829,  2829,  2829,  2829]
[ 2596,  2679,  2721,  2596,  2676,  2763,  2720,  2596,  2596,  2676,  2779,  2702,  2701,  2829,     0,  2596,  2680,  2788,  2617,  2680,  2751]
[ 2572,  2679,  2721,  2572,  2676,  2763,  2720,  2572,  2591,  2676,  2779,  2702,  2701,  2829,  2596,     0,  2680,  2788,  2617,  2680,  2751]
[ 2680,   240,  2721,  2680,  2680,  2763,  2720,  2680,  2680,  2680,  2779,  2702,  2701,  2829,  2680,  2680,     0,  2788,  2680,     0,  2751]
[ 2788,  2788,  2788,  2788,  2788,  2788,  2788,  2788,  2788,  2788,  2788,  4222,  4457,  2829,  2788,  2788,  2788,     0,  4137,  2788,  2788]
[ 2617,  2679,  2721,  2617,  2676,  2763,  2720,  2617,  2617,  2676,  2779,  4051,  4286,  2829,  2617,  2617,  2680,  4137,     0,  2680,  2751]
[ 2680,   241,  2721,  2680,  2680,  2763,  2720,  2680,  2680,  2680,  2779,  2702,  2701,  2829,  2680,  2680,     0,  2788,  2680,     0,  2751]
[ 2751,  2751,  4070,  3902,  2751,  2763,  4069,  4133,  2751,  2751,  2662,  2751,  2751,  2829,  2751,  2751,  2751,  2788,  2751,  2751,     0]