[    0,  2491,  2741,  2678,  2702,  2571,  2597,  2828,  2676,  2616,  2637,  2702,  2829,  2615,  2571,  2793,  2829,  2661,  2570,  2617,  2655]
[ 2491,     0,  2741,  2678,  2702,  3805,  2597,  2828,  2676,  2616,  2637,  2702,  2829,  2615,  3744,  2793,  2829,  2661,  3804,  2617,  2655]
[ 2741,  2741,     0,  2741,  2741,  2741,  2741,  4274,  2741,  2741,  2741,  2741,  4275,  2741,  2741,  2793,  4275,  2741,  2741,  2741,  4101]
[ 2678,  2678,  2741,     0,  2702,  2678,  2678,  2828,  2678,  2678,  2678,  2702,  2829,  2678,  2678,  2793,  2829,  2678,  2678,  2678,  2678]
[ 2702,  2702,  2741,  2702,     0,  2702,  2702,  2828,  2702,  4286,  2702,  4065,  2829,  4285,  2702,  2793,  2829,  2702,  2702,  4051,  2702]
[ 2571,  3805,  2741,  2678,  2702,     0,  2597,  2828,  2676,  2616,  2637,  2702,  2829,  2615,  3885,  2793,  2829,  2661,  3884,  2617,  2655]
[ 2597,  2597,  2741,  2678,  2702,  2597,     0,  2828,  2676,  2616,  2637,  2702,  2829,  2615,  2597,  4244,  2829,  2661,  2597,  2617,  2655]
[ 2828,  2828,  4274,  2828,  2828,  2828,  2828,     0,  2828,  2828,  2828,  2828,  4362,  2828,  2828,  2828,    72,  2828,  2828,  2828,  4188]
[ 2676,  2676,  2741,  2678,  2702,  2676,  2676,  2828,     0,  2676,  2676,  2702,  2829,  2676,  2676,  2793,  2829,  2676,  2676,  2676,  2676]
[ 2616,  2616,  2741,  2678,  4286,  2616,  2616,  2828,  2676,     0,  2637,  4286,  2829,    70,  2616,  2793,  2829,  2661,  2616,   235,  2655]
[ 2637,  2637,  2741,  2678,  2702,  2637,  2637,  2828,  2676,  2637,     0,  2702,  2829,  2637,  2637,  2793,  2829,  2661,  2637,  2637,  2655]
[ 2702,  2702,  2741,  2702,  4065,  2702,  2702,  2828,  2702,  4286,  2702,     0,  2829,  4285,  2702,  2793,  2829,  2702,  2702,  4051,  2702]
[ 2829,  2829,  4275,  2829,  2829,  2829,  2829,  4362,  2829,  2829,  2829,  2829,     0,  2829,  2829,  2829,  4363,  2829,  2829,  2829,  4189]
[ 2615,  2615,  2741,  2678,  4285,  2615,  2615,  2828,  2676,    70,  2637,  4285,  2829,     0,  2615,  2793,  2829,  2661,  2615,   305,  2655]
[ 2571,  3744,  2741,  2678,  2702,  3885,  2597,  2828,  2676,  2616,  2637,  2702,  2829,  2615,     0,  2793,  2829,  2661,    60,  2617,  2655]
[ 2793,  2793,  2793,  2793,  2793,  2793,  4244,  2828,  2793,  2793,  2793,  2793,  2829,  2793,  2793,     0,  2829,  2793,  2793,  2793,  2793]
[ 2829,  2829,  4275,  2829,  2829,  2829,  2829,    72,  2829,  2829,  2829,  2829,  4363,  2829,  2829,  2829,     0,  2829,  2829,  2829,  4189]
[ 2661,  2661,  2741,  2678,  2702,  2661,  2661,  2828,  2676,  2661,  2661,  2702,  2829,  2661,  2661,  2793,  2829,     0,  2661,  2661,  2661]
[ 2570,  3804,  2741,  2678,  2702,  3884,  2597,  2828,  2676,  2616,  2637,  2702,  2829,  2615,    60,  2793,  2829,  2661,     0,  2617,  2655]
[ 2617,  2617,  2741,  2678,  4051,  2617,  2617,  2828,  2676,   235,  2637,  4051,  2829,   305,  2617,  2793,  2829,  2661,  2617,     0,  2655]
[ 2655,  2655,  4101,  2678,  2702,  2655,  2655,  4188,  2676,  2655,  2655,  2702,  4189,  2655,  2655,  2793,  4189,  2661,  2655,  2655,     0]