[    0,  6774,  5406,  7003,  7000,  6765,  6906,  6765,  6709,  5156,  6707,  6764,  6250,  5030,  4933,  4935,  6480,  5084,  5408,  5084,  5124]
[ 6774,     0,  2792,   324,   324,  3583,   502,   627,  3336,  2728,  3336,   627,   736,  2819,  2889,  2889,  3438,  2783,  2792,  2783,  2984]
[ 5406,  2792,     0,  2932,  2930,  2903,  2966,  3000,  2714,   289,  2713,  2999,  2961,   496,   588,   589,  2788,   449,     1,   449,   506]
[ 7003,   324,  2932,     0,     1,  3626,   488,   621,  3420,  2782,  3420,   622,   789,  2876,  2949,  2949,  3624,  2924,  2933,  2925,  3045]
[ 7000,   324,  2930,     1,     0,  3624,   487,   621,  3420,  2780,  3419,   621,   787,  2874,  2948,  2949,  3622,  2924,  2931,  2924,  3043]
[ 6765,  3583,  2903,  3626,  3624,     0,  3673,  3296,   694,  2933,   692,  3295,  3407,  3027,  2719,  2721,    86,  2990,  2904,  2990,  2719]
[ 6906,   502,  2966,   488,   487,  3673,     0,   710,  3563,  2901,  3561,   710,   696,  2783,  3069,  3070,  3668,  2746,  2967,  2746,  3167]
[ 6765,   627,  3000,   621,   621,  3296,   710,     0,  3615,  2933,  3615,     2,   559,  3027,  2719,  2719,  3297,  2989,  3001,  2990,  2815]
[ 6709,  3336,  2714,  3420,  3420,   694,  3563,  3615,     0,  2664,     1,  3615,  3480,  2755,  2825,  2825,   588,  2803,  2714,  2803,  2825]
[ 5156,  2728,   289,  2782,  2780,  2933,  2901,  2933,  2664,     0,  2663,  2932,  2804,   357,   447,   448,  2815,   406,   289,   405,   530]
[ 6707,  3336,  2713,  3420,  3419,   692,  3561,  3615,     1,  2663,     0,  3613,  3479,  2754,  2824,  2825,   587,  2803,  2713,  2802,  2824]
[ 6764,   627,  2999,   622,   621,  3295,   710,     2,  3615,  2932,  3613,     0,   557,  3027,  2719,  2720,  3295,  2990,  2999,  2988,  2814]
[ 6250,   736,  2961,   789,   787,  3407,   696,   559,  3480,  2804,  3479,   557,     0,  2686,  2593,  2594,  3259,  2736,  2961,  2735,  2690]
[ 5030,  2819,   496,  2876,  2874,  3027,  2783,  3027,  2755,   357,  2754,  3027,  2686,     0,   558,   559,  2907,   197,   497,   197,   644]
[ 4933,  2889,   588,  2949,  2948,  2719,  3069,  2719,  2825,   447,  2824,  2719,  2593,   558,     0,     1,  2604,   607,   589,   607,    83]
[ 4935,  2889,   589,  2949,  2949,  2721,  3070,  2719,  2825,   448,  2825,  2720,  2594,   559,     1,     0,  2605,   607,   590,   608,    84]
[ 6480,  3438,  2788,  3624,  3622,    86,  3668,  3297,   588,  2815,   587,  3295,  3259,  2907,  2604,  2605,     0,  2871,  2788,  2870,  2604]
[ 5084,  2783,   449,  2924,  2924,  2990,  2746,  2989,  2803,   406,  2803,  2990,  2736,   197,   607,   607,  2871,     0,   450,     2,   693]
[ 5408,  2792,     1,  2933,  2931,  2904,  2967,  3001,  2714,   289,  2713,  2999,  2961,   497,   589,   590,  2788,   450,     0,   449,   507]
[ 5084,  2783,   449,  2925,  2924,  2990,  2746,  2990,  2803,   405,  2802,  2988,  2735,   197,   607,   608,  2870,     2,   449,     0,   693]
[ 5124,  2984,   506,  3045,  3043,  2719,  3167,  2815,  2825,   530,  2824,  2814,  2690,   644,    83,    84,  2604,   693,   507,   693,     0]