[    0,  2709,  2741,  2701,  2597,  2655,  2767,  2745,  2762,  2828,  2764,  2864,  2768,  2653,  2742,  2702,  2767,  2679,  2662,  2638,  2654]
[ 2709,     0,  2741,  2709,  4160,  2709,  2767,  2745,  2762,  2828,  2652,  2747,  2768,  2709,  2742,  2709,  2767,  2709,  2709,  2709,  2709]
[ 2741,  2741,     0,  2741,  2741,  4339,  2767,  2745,  2762,  4274,  2764,  2864,  2768,  2741,  4426,  2741,  2767,  2741,  2741,  2741,  4100]
[ 2701,  2709,  2741,     0,  2701,  2701,  2767,  2745,  2762,  2828,  2764,  2864,  2768,  2701,  2742,  4299,  2767,  2701,  2701,  2701,  2701]
[ 2597,  4160,  2741,  2701,     0,  2655,  2767,  2745,  2762,  2828,  2764,  2864,  2768,  2653,  2742,  2702,  2767,  2679,  2662,  2638,  2654]
[ 2655,  2709,  4339,  2701,  2655,     0,  2767,  2745,  2762,  4426,  2764,  2864,  2768,  2655,  4100,  2702,  2767,  2679,  2662,  2655,   239]
[ 2767,  2767,  2767,  2767,  2767,  2767,     0,  2767,  2767,  2828,  2767,  2864,  4404,  2767,  2767,  2767,     0,  4150,  2767,  2767,  2767]
[ 2745,  2745,  2745,  2745,  2745,  2745,  2767,     0,  2762,  2828,  2764,   303,  2768,  2745,  2745,  2745,  2767,  2745,  4351,  2745,  2745]
[ 2762,  2762,  2762,  2762,  2762,  2762,  2767,  2762,     0,  2828,  2764,  2864,  2768,  2762,  2762,  2762,  2767,  2762,  2762,  2762,  2762]
[ 2828,  2828,  4274,  2828,  2828,  4426,  2828,  2828,  2828,     0,  2828,  2864,  2828,  2828,  4513,  2828,  2828,  2828,  2828,  2828,  4187]
[ 2764,  2652,  2764,  2764,  2764,  2764,  2767,  2764,  2764,  2828,     0,  2747,  2768,  4048,  2764,  2764,  2767,  2764,  2764,  2764,  2764]
[ 2864,  2747,  2864,  2864,  2864,  2864,  2864,   303,  2864,  2864,  2747,     0,  2864,  2864,  2864,  2864,  2864,  2864,  4119,  2864,  2864]
[ 2768,  2768,  2768,  2768,  2768,  2768,  4404,  2768,  2768,  2828,  2768,  2864,     0,  2768,  2768,  2768,  4403,  4390,  2768,  2768,  2768]
[ 2653,  2709,  2741,  2701,  2653,  2655,  2767,  2745,  2762,  2828,  4048,  2864,  2768,     0,  2742,  2702,  2767,  2679,  2662,  2653,  2654]
[ 2742,  2742,  4426,  2742,  2742,  4100,  2767,  2745,  2762,  4513,  2764,  2864,  2768,  2742,     0,  2742,  2767,  2742,  2742,  2742,  4339]
[ 2702,  2709,  2741,  4299,  2702,  2702,  2767,  2745,  2762,  2828,  2764,  2864,  2768,  2702,  2742,     0,  2767,  2702,  2702,  2702,  2702]
[ 2767,  2767,  2767,  2767,  2767,  2767,     0,  2767,  2767,  2828,  2767,  2864,  4403,  2767,  2767,  2767,     0,  4150,  2767,  2767,  2767]
[ 2679,  2709,  2741,  2701,  2679,  2679,  4150,  2745,  2762,  2828,  2764,  2864,  4390,  2679,  2742,  2702,  4150,     0,  2679,  2679,  2679]
[ 2662,  2709,  2741,  2701,  2662,  2662,  2767,  4351,  2762,  2828,  2764,  4119,  2768,  2662,  2742,  2702,  2767,  2679,     0,  2662,  2662]
[ 2638,  2709,  2741,  2701,  2638,  2655,  2767,  2745,  2762,  2828,  2764,  2864,  2768,  2653,  2742,  2702,  2767,  2679,  2662,     0,  2654]
[ 2654,  2709,  4100,  2701,  2654,   239,  2767,  2745,  2762,  4187,  2764,  2864,  2768,  2654,  4339,  2702,  2767,  2679,  2662,  2654,     0]