[    0,  2637,  2675,  2579,  2747,  2636,  2856,  2578,  2577,  2702,  2617,  2678,  2742,  2766,  2719,  2597,  2577,  2860,  2679,  2514,  2615]
[ 2637,     0,  2675,  2637,  2747,  4215,  2856,  2637,  2637,  2702,  2637,  2678,  2742,  2766,  4299,  2637,  2637,  2860,  2679,  2637,  2637]
[ 2675,  2675,     0,  2675,  2747,  2675,  2856,  2675,  2675,  2702,  2675,  2678,  2742,  2766,  2719,  2675,  2675,  2860,  2679,  2675,  2675]
[ 2579,  2637,  2675,     0,  4270,  2636,  2856,    66,   298,  2702,  2617,  2678,  2742,  2766,  2719,  2597,   299,  2860,  2679,  2579,  2615]
[ 2747,  2747,  2747,  4270,     0,  2747,  2856,  4269,  4036,  2747,  2747,  2747,  2747,  2766,  2747,  2747,  4036,  2860,  2747,  2747,  2747]
[ 2636,  4215,  2675,  2636,  2747,     0,  2856,  2636,  2636,  2702,  2636,  2678,  2742,  2766,  4068,  2636,  2636,  2860,  2679,  2636,  2636]
[ 2856,  2856,  2856,  2856,  2856,  2856,     0,  2856,  2856,  2856,  2856,  4477,  2856,  4565,  2856,  2856,  2856,  2860,  2856,  2856,  2856]
[ 2578,  2637,  2675,    66,  4269,  2636,  2856,     0,   232,  2702,  2617,  2678,  2742,  2766,  2719,  2597,   233,  2860,  2679,  2578,  2615]
[ 2577,  2637,  2675,   298,  4036,  2636,  2856,   232,     0,  2702,  2617,  2678,  2742,  2766,  2719,  2597,     0,  2860,  2679,  2577,  2615]
[ 2702,  2702,  2702,  2702,  2747,  2702,  2856,  2702,  2702,     0,  4051,  2702,  2742,  2766,  2719,  2702,  2702,  2860,  2702,  2702,  4284]
[ 2617,  2637,  2675,  2617,  2747,  2636,  2856,  2617,  2617,  4051,     0,  2678,  2742,  2766,  2719,  2617,  2617,  2860,  2679,  2617,   304]
[ 2678,  2678,  2678,  2678,  2747,  2678,  4477,  2678,  2678,  2702,  2678,     0,  2742,  4148,  2719,  2678,  2678,  2860,  2679,  2678,  2678]
[ 2742,  2742,  2742,  2742,  2747,  2742,  2856,  2742,  2742,  2742,  2742,  2742,     0,  2766,  2742,  2742,  2742,  4425,  2742,  2742,  2742]
[ 2766,  2766,  2766,  2766,  2766,  2766,  4565,  2766,  2766,  2766,  2766,  4148,  2766,     0,  2766,  2766,  2766,  2860,  2766,  2766,  2766]
[ 2719,  4299,  2719,  2719,  2747,  4068,  2856,  2719,  2719,  2719,  2719,  2719,  2742,  2766,     0,  2719,  2719,  2860,  2719,  2719,  2719]
[ 2597,  2637,  2675,  2597,  2747,  2636,  2856,  2597,  2597,  2702,  2617,  2678,  2742,  2766,  2719,     0,  2597,  2860,  4016,  4078,  2615]
[ 2577,  2637,  2675,   299,  4036,  2636,  2856,   233,     0,  2702,  2617,  2678,  2742,  2766,  2719,  2597,     0,  2860,  2679,  2577,  2615]
[ 2860,  2860,  2860,  2860,  2860,  2860,  2860,  2860,  2860,  2860,  2860,  2860,  4425,  2860,  2860,  2860,  2860,     0,  2860,  2860,  2860]
[ 2679,  2679,  2679,  2679,  2747,  2679,  2856,  2679,  2679,  2702,  2679,  2679,  2742,  2766,  2719,  4016,  2679,  2860,     0,  4160,  2679]
[ 2514,  2637,  2675,  2579,  2747,  2636,  2856,  2578,  2577,  2702,  2617,  2678,  2742,  2766,  2719,  4078,  2577,  2860,  4160,     0,  2615]
[ 2615,  2637,  2675,  2615,  2747,  2636,  2856,  2615,  2615,  4284,   304,  2678,  2742,  2766,  2719,  2615,  2615,  2860,  2679,  2615,     0]