[    0,  5206,  5176,  6834,  5154,  6909,  6611,  4863,  6252,  6909,  6707,  5176,  6768,  6413,  5354,  6544,  6705,  4865,  5408,  6909,  4863]
[ 5206,     0,  5206,  6834,  5206,  6909,  6611,  5206,  6252,  6909,  6707,  5206,  6768,  6413,  5354,  6544,  6705,  5206,    88,  6909,  5206]
[ 5176,  5206,     0,  6834,  5176,  6909,  6611,  5176,  6252,  6909,  6707,     0,  3420,  6413,  5354,  6544,  6705,  5176,  5408,  6909,  5176]
[ 6834,  6834,  6834,     0,  6834,  6909,  6834,  6834,  6834,  6909,  6834,  6834,  6834,  6834,  6834,  3337,  6834,  6834,  6834,  6909,  6834]
[ 5154,  5206,  5176,  6834,     0,  6909,  6611,  5154,  6252,  6909,  3399,  5176,  6768,  6413,    87,  6544,  3398,  5154,  5408,  6909,  5154]
[ 6909,  6909,  6909,  6909,  6909,     0,  3375,  6909,  6909,  3376,  6909,  6909,  6909,  6909,  6909,  6909,  6909,  6909,  6909,     0,  6909]
[ 6611,  6611,  6611,  6834,  6611,  3375,     0,  6611,  6611,    88,  6707,  6611,  6768,  6611,  6611,  6611,  6705,  6611,  6611,  3375,  6611]
[ 4863,  5206,  5176,  6834,  5154,  6909,  6611,     0,  6252,  6909,  6707,  5176,  6768,  6413,  5354,  6544,  6705,     1,  5408,  6909,     2]
[ 6252,  6252,  6252,  6834,  6252,  6909,  6611,  6252,     0,  6909,  6707,  6252,  6768,  6413,  6252,  6544,  6705,  6252,  6252,  6909,  6252]
[ 6909,  6909,  6909,  6909,  6909,  3376,    88,  6909,  6909,     0,  6909,  6909,  6909,  6909,  6909,  6909,  6909,  6909,  6909,  3376,  6909]
[ 6707,  6707,  6707,  6834,  3399,  6909,  6707,  6707,  6707,  6909,     0,  6707,  6768,  6707,  3399,  6707,  3270,  6707,  6707,  6909,  6707]
[ 5176,  5206,     0,  6834,  5176,  6909,  6611,  5176,  6252,  6909,  6707,     0,  3420,  6413,  5354,  6544,  6705,  5176,  5408,  6909,  5176]
[ 6768,  6768,  3420,  6834,  6768,  6909,  6768,  6768,  6768,  6909,  6768,  3420,     0,  6768,  6768,  6768,  6768,  6768,  6768,  6909,  6768]
[ 6413,  6413,  6413,  6834,  6413,  6909,  6611,  6413,  6413,  6909,  6707,  6413,  6768,     0,  6413,  6544,  6705,  6413,  6413,  6909,  6413]
[ 5354,  5354,  5354,  6834,    87,  6909,  6611,  5354,  6252,  6909,  3399,  5354,  6768,  6413,     0,  6544,  3528,  5354,  5408,  6909,  5354]
[ 6544,  6544,  6544,  3337,  6544,  6909,  6611,  6544,  6544,  6909,  6707,  6544,  6768,  6544,  6544,     0,  6705,  6544,  6544,  6909,  6544]
[ 6705,  6705,  6705,  6834,  3398,  6909,  6705,  6705,  6705,  6909,  3270,  6705,  6768,  6705,  3528,  6705,     0,  6705,  6705,  6909,  6705]
[ 4865,  5206,  5176,  6834,  5154,  6909,  6611,     1,  6252,  6909,  6707,  5176,  6768,  6413,  5354,  6544,  6705,     0,  5408,  6909,     1]
[ 5408,    88,  5408,  6834,  5408,  6909,  6611,  5408,  6252,  6909,  6707,  5408,  6768,  6413,  5408,  6544,  6705,  5408,     0,  6909,  5408]
[ 6909,  6909,  6909,  6909,  6909,     0,  3375,  6909,  6909,  3376,  6909,  6909,  6909,  6909,  6909,  6909,  6909,  6909,  6909,     0,  6909]
[ 4863,  5206,  5176,  6834,  5154,  6909,  6611,     2,  6252,  6909,  6707,  5176,  6768,  6413,  5354,  6544,  6705,     1,  5408,  6909,     0]