[    0,  2719,  2741,  2617,  2798,  2578,  2654,  2593,  2679,  2741,  2636,  2637,  2741,  2733,  2602,  2702,  2778,  2763,  2596,  2734,  2743]
[ 2719,     0,  2741,  2719,  2798,  2719,  2719,  2719,  2719,  2741,  4068,  4069,  2741,  2733,  2719,  2719,  2778,  2763,  2719,  2734,  2743]
[ 2741,  2741,     0,  2741,  2798,  2741,  4100,  2741,  2741,  4425,  2741,  2741,  4118,  2741,  2741,  2741,  2778,  2763,  2741,  2741,  4427]
[ 2617,  2719,  2741,     0,  2798,  2617,  2654,  2617,  2679,  2741,  2636,  2637,  2741,   234,  2617,  4051,  2778,  2763,  2617,    70,  2743]
[ 2798,  2798,  2798,  2798,     0,  2798,  2798,  2798,  2798,  2798,  2798,  2798,  2798,  2678,  2678,  2798,  2678,  2798,  2798,  2678,  2798]
[ 2578,  2719,  2741,  2617,  2798,     0,  2654,  2593,  2679,  2741,  2636,  2637,  2741,  2733,  2602,  2702,  3952,  2763,  2596,  2734,  2743]
[ 2654,  2719,  4100,  2654,  2798,  2654,     0,  2654,  2679,  4271,  2654,  2654,  4100,  2733,  2654,  2702,  2778,  2763,  2654,  2734,  4340]
[ 2593,  2719,  2741,  2617,  2798,  2593,  2654,     0,  2679,  2741,  2636,  2637,  2741,  2733,  2602,  2702,  2778,  4089,  2596,  2734,  2743]
[ 2679,  2719,  2741,  2679,  2798,  2679,  2679,  2679,     0,  2741,  2679,  2679,  2741,  2733,  2679,  2702,  2778,  2763,  4243,  2734,  2743]
[ 2741,  2741,  4425,  2741,  2798,  2741,  4271,  2741,  2741,     0,  2741,  2741,  4425,  2741,  2741,  2741,  2778,  2763,  2741,  2741,  4187]
[ 2636,  4068,  2741,  2636,  2798,  2636,  2654,  2636,  2679,  2741,     0,  3986,  2741,  2733,  2636,  2702,  2778,  2763,  2636,  2734,  2743]
[ 2637,  4069,  2741,  2637,  2798,  2637,  2654,  2637,  2679,  2741,  3986,     0,  2741,  2733,  2637,  2702,  2778,  2763,  2637,  2734,  2743]
[ 2741,  2741,  4118,  2741,  2798,  2741,  4100,  2741,  2741,  4425,  2741,  2741,     0,  2741,  2741,  2741,  2778,  2763,  2741,  2741,   309]
[ 2733,  2733,  2741,   234,  2678,  2733,  2733,  2733,  2733,  2741,  2733,  2733,  2741,     0,  2616,  4285,  2662,  2763,  2733,   304,  2743]
[ 2602,  2719,  2741,  2617,  2678,  2602,  2654,  2602,  2679,  2741,  2636,  2637,  2741,  2616,     0,  2702,  2662,  2763,  2602,  2616,  2743]
[ 2702,  2719,  2741,  4051,  2798,  2702,  2702,  2702,  2702,  2741,  2702,  2702,  2741,  4285,  2702,     0,  2778,  2763,  2702,  4050,  2743]
[ 2778,  2778,  2778,  2778,  2678,  3952,  2778,  2778,  2778,  2778,  2778,  2778,  2778,  2662,  2662,  2778,     0,  2778,  2778,  2662,  2778]
[ 2763,  2763,  2763,  2763,  2798,  2763,  2763,  4089,  2763,  2763,  2763,  2763,  2763,  2763,  2763,  2763,  2778,     0,  2763,  2763,  2763]
[ 2596,  2719,  2741,  2617,  2798,  2596,  2654,  2596,  4243,  2741,  2636,  2637,  2741,  2733,  2602,  2702,  2778,  2763,     0,  2734,  2743]
[ 2734,  2734,  2741,    70,  2678,  2734,  2734,  2734,  2734,  2741,  2734,  2734,  2741,   304,  2616,  4050,  2662,  2763,  2734,     0,  2743]
[ 2743,  2743,  4427,  2743,  2798,  2743,  4340,  2743,  2743,  4187,  2743,  2743,   309,  2743,  2743,  2743,  2778,  2763,  2743,  2743,     0]