[    0,  5206,  6697,  4933,  6544,  6837,  6694,  4937,  5030,  6544,  5178,  5281,  5279,  7003,  6319,  6252,  5208,  6908,  5086,  5208,  6411]
[ 5206,     0,  6697,  5206,  6544,  6837,  6694,  5206,  5206,  6544,  5206,  5281,  5279,  7003,  6319,  6252,     1,  6908,  5206,     1,  6411]
[ 6697,  6697,     0,  3382,  6697,  6837,  3259,  3383,  6697,  6697,  6697,  6697,  6697,  7003,  6697,  6697,  6697,  6908,  6697,  6697,    85]
[ 4933,  5206,  3382,     0,  6544,  6837,  3380,     2,  5030,  6544,  5178,  5281,  5279,  7003,  6319,  6252,  5208,  6908,  5086,  5208,  3239]
[ 6544,  6544,  6697,  6544,     0,    87,  6694,  6544,  3317,  3192,  6544,  6544,  6544,  7003,  6544,  6544,  6544,  6908,  6544,  6544,  6544]
[ 6837,  6837,  6837,  6837,    87,     0,  6837,  6837,  3463,  3339,  6837,  6837,  6837,  7003,  6837,  6837,  6837,  6908,  6837,  6837,  6837]
[ 6694,  6694,  3259,  3380,  6694,  6837,     0,  3381,  6694,  6694,  6694,  6694,  6694,  7003,  6694,  6694,  6694,  6908,  6694,  6694,  3259]
[ 4937,  5206,  3383,     2,  6544,  6837,  3381,     0,  5030,  6544,  5178,  5281,  5279,  7003,  6319,  6252,  5208,  6908,  5086,  5208,  3241]
[ 5030,  5206,  6697,  5030,  3317,  3463,  6694,  5030,     0,  3317,  5178,  5281,  5279,  7003,  6319,  6252,  5208,  6908,  5086,  5208,  6411]
[ 6544,  6544,  6697,  6544,  3192,  3339,  6694,  6544,  3317,     0,  6544,  6544,  6544,  7003,  6544,  6544,  6544,  6908,  6544,  6544,  6544]
[ 5178,  5206,  6697,  5178,  6544,  6837,  6694,  5178,  5178,  6544,     0,  5281,  5279,  7003,  6319,  6252,  5208,  6908,  5178,  5208,  6411]
[ 5281,  5281,  6697,  5281,  6544,  6837,  6694,  5281,  5281,  6544,  5281,     0,     1,  7003,  6319,  6252,  5281,  3631,    87,  5281,  6411]
[ 5279,  5279,  6697,  5279,  6544,  6837,  6694,  5279,  5279,  6544,  5279,     1,     0,  7003,  6319,  6252,  5279,  3631,    88,  5279,  6411]
[ 7003,  7003,  7003,  7003,  7003,  7003,  7003,  7003,  7003,  7003,  7003,  7003,  7003,     0,  7003,  7003,  7003,  7003,  7003,  7003,  7003]
[ 6319,  6319,  6697,  6319,  6544,  6837,  6694,  6319,  6319,  6544,  6319,  6319,  6319,  7003,     0,  6319,  6319,  6908,  6319,  6319,  6411]
[ 6252,  6252,  6697,  6252,  6544,  6837,  6694,  6252,  6252,  6544,  6252,  6252,  6252,  7003,  6319,     0,  6252,  6908,  6252,  6252,  6411]
[ 5208,     1,  6697,  5208,  6544,  6837,  6694,  5208,  5208,  6544,  5208,  5281,  5279,  7003,  6319,  6252,     0,  6908,  5208,     0,  6411]
[ 6908,  6908,  6908,  6908,  6908,  6908,  6908,  6908,  6908,  6908,  6908,  3631,  3631,  7003,  6908,  6908,  6908,     0,  3503,  6908,  6908]
[ 5086,  5206,  6697,  5086,  6544,  6837,  6694,  5086,  5086,  6544,  5178,    87,    88,  7003,  6319,  6252,  5208,  3503,     0,  5208,  6411]
[ 5208,     1,  6697,  5208,  6544,  6837,  6694,  5208,  5208,  6544,  5208,  5281,  5279,  7003,  6319,  6252,     0,  6908,  5208,     0,  6411]
[ 6411,  6411,    85,  3239,  6544,  6837,  3259,  3241,  6411,  6544,  6411,  6411,  6411,  7003,  6411,  6411,  6411,  6908,  6411,  6411,     0]