[    0,  2679,  2661,  2762,  2654,  2788,  2817,  2515,  2572,  2788,  2742,  2661,  2863,  2637,  2741,  2676,  2741,  2630,  2767,  2788,  2515]
[ 2679,     0,  2679,  2762,  2679,  2788,  2817,  2679,  2679,  2788,  2742,  2679,  2863,  2679,  2741,  2679,  2741,  2679,  4150,  2788,  2679]
[ 2661,  2679,     0,  2762,  2661,  2788,  2817,  2661,  2661,  2788,  2742,     0,  4120,  2661,  2741,  2676,  2741,  2661,  2767,  2788,  2661]
[ 2762,  2762,  2762,     0,  2762,  2788,  2817,  2762,  2762,  2788,  2762,  2762,  2863,  2762,  2762,  4405,  2762,  2762,  2767,  2788,  2762]
[ 2654,  2679,  2661,  2762,     0,  2788,  2817,  2654,  2654,  2788,  4339,  2661,  2863,  2654,  4100,  2676,  4271,  2654,  2767,  2788,  2654]
[ 2788,  2788,  2788,  2788,  2788,     0,  4222,  2788,  2788,  4310,  2788,  2788,  2863,  2788,  2788,  2788,  2788,  2788,  2788,     0,  2788]
[ 2817,  2817,  2817,  2817,  2817,  4222,     0,  2817,  2817,  4222,  2817,  2817,  2747,  2817,  2817,  2817,  2817,  2700,  2817,  4222,  2817]
[ 2515,  2679,  2661,  2762,  2654,  2788,  2817,     0,  2572,  2788,  2742,  2661,  2863,  2637,  2741,  2676,  2741,   227,  2767,  2788,   290]
[ 2572,  2679,  2661,  2762,  2654,  2788,  2817,  2572,     0,  2788,  2742,  2661,  2863,  2637,  2741,  2676,  2741,  2630,  2767,  2788,  2572]
[ 2788,  2788,  2788,  2788,  2788,  4310,  4222,  2788,  2788,     0,  2788,  2788,  2863,  2788,  2788,  2788,  2788,  2788,  2788,  4310,  2788]
[ 2742,  2742,  2742,  2762,  4339,  2788,  2817,  2742,  2742,  2788,     0,  2742,  2863,  2742,  4357,  2742,  4186,  2742,  2767,  2788,  2742]
[ 2661,  2679,     0,  2762,  2661,  2788,  2817,  2661,  2661,  2788,  2742,     0,  4120,  2661,  2741,  2676,  2741,  2661,  2767,  2788,  2661]
[ 2863,  2863,  4120,  2863,  2863,  2863,  2747,  2863,  2863,  2863,  2863,  4120,     0,  2863,  2863,  2863,  2863,  2747,  2863,  2863,  2863]
[ 2637,  2679,  2661,  2762,  2654,  2788,  2817,  2637,  2637,  2788,  2742,  2661,  2863,     0,  2741,  2676,  2741,  2637,  2767,  2788,  2637]
[ 2741,  2741,  2741,  2762,  4100,  2788,  2817,  2741,  2741,  2788,  4357,  2741,  2863,  2741,     0,  2741,  4425,  2741,  2767,  2788,  2741]
[ 2676,  2679,  2676,  4405,  2676,  2788,  2817,  2676,  2676,  2788,  2742,  2676,  2863,  2676,  2741,     0,  2741,  2676,  2767,  2788,  2676]
[ 2741,  2741,  2741,  2762,  4271,  2788,  2817,  2741,  2741,  2788,  4186,  2741,  2863,  2741,  4425,  2741,     0,  2741,  2767,  2788,  2741]
[ 2630,  2679,  2661,  2762,  2654,  2788,  2700,   227,  2630,  2788,  2742,  2661,  2747,  2637,  2741,  2676,  2741,     0,  2767,  2788,    64]
[ 2767,  4150,  2767,  2767,  2767,  2788,  2817,  2767,  2767,  2788,  2767,  2767,  2863,  2767,  2767,  2767,  2767,  2767,     0,  2788,  2767]
[ 2788,  2788,  2788,  2788,  2788,     0,  4222,  2788,  2788,  4310,  2788,  2788,  2863,  2788,  2788,  2788,  2788,  2788,  2788,     0,  2788]
[ 2515,  2679,  2661,  2762,  2654,  2788,  2817,   290,  2572,  2788,  2742,  2661,  2863,  2637,  2741,  2676,  2741,    64,  2767,  2788,     0]