[    0,  2617,  2861,  2767,  2616,  2490,  2592,  2676,  2592,  2702,  2702,  2654,  2740,  2762,  2746,  2679,  2742,  2861,  2767,  2675,  2887]
[ 2617,     0,  2861,  2767,   235,  2617,  2617,  2676,  2617,  4051,  4286,  2654,  2740,  2762,  2746,  2679,  2742,  2861,  2767,  2675,  2887]
[ 2861,  2861,     0,  2861,  2861,  2861,  2861,  2861,  2861,  2861,  2861,  4101,  4187,  2861,  2861,  2861,     0,  4118,  2861,  2861,  2766]
[ 2767,  2767,  2861,     0,  2767,  2767,  2767,  2767,  2767,  2767,  2767,  2767,  2767,  2767,  2767,  4317,  2767,  2861,     0,  2767,    72]
[ 2616,   235,  2861,  2767,     0,  2616,  2616,  2676,  2616,  4286,  4052,  2654,  2740,  2762,  2746,  2679,  2742,  2861,  2767,  2675,  2887]
[ 2490,  2617,  2861,  2767,  2616,     0,  2592,  2676,  2592,  2702,  2702,  2654,  2740,  2762,  2746,  2679,  2742,  2861,  2767,  2675,  2887]
[ 2592,  2617,  2861,  2767,  2616,  2592,     0,  4003,   298,  2702,  2702,  2654,  2740,  4089,  2746,  2679,  2742,  2861,  2767,  4002,  2887]
[ 2676,  2676,  2861,  2767,  2676,  2676,  4003,     0,  4234,  2702,  2702,  2676,  2740,  4173,  2746,  2679,  2742,  2861,  2767,  4086,  2887]
[ 2592,  2617,  2861,  2767,  2616,  2592,   298,  4234,     0,  2702,  2702,  2654,  2740,  4321,  2746,  2679,  2742,  2861,  2767,  4169,  2887]
[ 2702,  4051,  2861,  2767,  4286,  2702,  2702,  2702,  2702,     0,   307,  2702,  2740,  2762,  2746,  2702,  2742,  2861,  2767,  2702,  2887]
[ 2702,  4286,  2861,  2767,  4052,  2702,  2702,  2702,  2702,   307,     0,  2702,  2740,  2762,  2746,  2702,  2742,  2861,  2767,  2702,  2887]
[ 2654,  2654,  4101,  2767,  2654,  2654,  2654,  2676,  2654,  2702,  2702,     0,  4032,  2762,  2746,  2679,  4101,  4101,  2767,  2675,  2887]
[ 2740,  2740,  4187,  2767,  2740,  2740,  2740,  2740,  2740,  2740,  2740,  4032,     0,  2762,  2746,  2740,  4187,  4187,  2767,  2740,  2887]
[ 2762,  2762,  2861,  2767,  2762,  2762,  4089,  4173,  4321,  2762,  2762,  2762,  2762,     0,  2762,  2762,  2762,  2861,  2767,  4172,  2887]
[ 2746,  2746,  2861,  2767,  2746,  2746,  2746,  2746,  2746,  2746,  2746,  2746,  2746,  2762,     0,  2746,  2746,  2861,  2767,  2746,  2887]
[ 2679,  2679,  2861,  4317,  2679,  2679,  2679,  2679,  2679,  2702,  2702,  2679,  2740,  2762,  2746,     0,  2742,  2861,  4316,  2679,  4389]
[ 2742,  2742,     0,  2767,  2742,  2742,  2742,  2742,  2742,  2742,  2742,  4101,  4187,  2762,  2746,  2742,     0,  4118,  2767,  2742,  2887]
[ 2861,  2861,  4118,  2861,  2861,  2861,  2861,  2861,  2861,  2861,  2861,  4101,  4187,  2861,  2861,  2861,  4118,     0,  2861,  2861,  2766]
[ 2767,  2767,  2861,     0,  2767,  2767,  2767,  2767,  2767,  2767,  2767,  2767,  2767,  2767,  2767,  4316,  2767,  2861,     0,  2767,    72]
[ 2675,  2675,  2861,  2767,  2675,  2675,  4002,  4086,  4169,  2702,  2702,  2675,  2740,  4172,  2746,  2679,  2742,  2861,  2767,     0,  2887]
[ 2887,  2887,  2766,    72,  2887,  2887,  2887,  2887,  2887,  2887,  2887,  2887,  2887,  2887,  2887,  4389,  2887,  2766,    72,  2887,     0]