[    0,  1071,   861,  1022,  1071,  1071,  1022,   861,   861,   861,  1071,  1071,   861,  1022,   822,  1071,  1071,  1071,  1071,  1022,  1071]
[ 1071,     0,  1071,    46,     0,  1071,  1071,  1071,  1071,  1071,  1071,  1071,  1071,    46,  1071,  1071,     0,     0,  1071,  1071,  1071]
[  861,  1071,     0,  1022,  1071,  1071,  1022,     0,   861,     0,  1071,  1071,     0,  1022,    37,  1071,  1071,  1071,  1071,  1022,  1071]
[ 1022,    46,  1022,     0,    46,  1071,  1022,  1022,  1022,  1022,  1071,  1071,  1022,     0,  1022,  1071,    46,    46,  1071,  1022,  1071]
[ 1071,     0,  1071,    46,     0,  1071,  1071,  1071,  1071,  1071,  1071,  1071,  1071,    46,  1071,  1071,     0,     0,  1071,  1071,  1071]
[ 1071,  1071,  1071,  1071,  1071,     0,  1071,  1071,  1071,  1071,     0,     0,  1071,  1071,  1071,  1071,  1071,  1071,  1071,  1071,  1071]
[ 1022,  1071,  1022,  1022,  1071,  1071,     0,  1022,  1022,  1022,  1071,  1071,  1022,  1022,  1022,  1071,  1071,  1071,  1071,     0,  1071]
[  861,  1071,     0,  1022,  1071,  1071,  1022,     0,   861,     0,  1071,  1071,     0,  1022,    37,  1071,  1071,  1071,  1071,  1022,  1071]
[  861,  1071,   861,  1022,  1071,  1071,  1022,   861,     0,   861,  1071,  1071,   861,  1022,   861,  1071,  1071,  1071,  1071,  1022,  1071]
[  861,  1071,     0,  1022,  1071,  1071,  1022,     0,   861,     0,  1071,  1071,     0,  1022,    37,  1071,  1071,  1071,  1071,  1022,  1071]
[ 1071,  1071,  1071,  1071,  1071,     0,  1071,  1071,  1071,  1071,     0,     0,  1071,  1071,  1071,  1071,  1071,  1071,  1071,  1071,  1071]
[ 1071,  1071,  1071,  1071,  1071,     0,  1071,  1071,  1071,  1071,     0,     0,  1071,  1071,  1071,  1071,  1071,  1071,  1071,  1071,  1071]
[  861,  1071,     0,  1022,  1071,  1071,  1022,     0,   861,     0,  1071,  1071,     0,  1022,    37,  1071,  1071,  1071,  1071,  1022,  1071]
[ 1022,    46,  1022,     0,    46,  1071,  1022,  1022,  1022,  1022,  1071,  1071,  1022,     0,  1022,  1071,    46,    46,  1071,  1022,  1071]
[  822,  1071,    37,  1022,  1071,  1071,  1022,    37,   861,    37,  1071,  1071,    37,  1022,     0,  1071,  1071,  1071,  1071,  1022,  1071]
[ 1071,  1071,  1071,  1071,  1071,  1071,  1071,  1071,  1071,  1071,  1071,  1071,  1071,  1071,  1071,     0,  1071,  1071,     0,  1071,  1071]
[ 1071,     0,  1071,    46,     0,  1071,  1071,  1071,  1071,  1071,  1071,  1071,  1071,    46,  1071,  1071,     0,     0,  1071,  1071,  1071]
[ 1071,     0,  1071,    46,     0,  1071,  1071,  1071,  1071,  1071,  1071,  1071,  1071,    46,  1071,  1071,     0,     0,  1071,  1071,  1071]
[ 1071,  1071,  1071,  1071,  1071,  1071,  1071,  1071,  1071,  1071,  1071,  1071,  1071,  1071,  1071,     0,  1071,  1071,     0,  1071,  1071]
[ 1022,  1071,  1022,  1022,  1071,  1071,     0,  1022,  1022,  1022,  1071,  1071,  1022,  1022,  1022,  1071,  1071,  1071,  1071,     0,  1071]
[ 1071,  1071,  1071,  1071,  1071,  1071,  1071,  1071,  1071,  1071,  1071,  1071,  1071,  1071,  1071,  1071,  1071,  1071,  1071,  1071,     0]