[    0,  2103,  2168,  1713,  2243,  2103,  2103,  2168,  1821,  2243,  2168,  2243,  2168,  2313,  2103,  2313,  2103,  2243,  1713,  2313,  2243]
[ 2103,     0,  2168,  2103,  2243,     0,  2103,  2168,  2103,   170,  2168,   170,  2168,  2313,  2103,  2313,  2103,  2243,  2103,  2313,  2243]
[ 2168,  2168,     0,  2168,  2243,  2168,  2168,  2168,  2168,  2243,  2168,  2243,  2168,  2313,  2168,  2313,  2168,  2243,  2168,   175,  2243]
[ 1713,  2103,  2168,     0,  2243,  2103,  2103,  2168,  1821,  2243,  2168,  2243,  2168,  2313,  2103,  2313,  2103,  2243,  1713,  2313,  2243]
[ 2243,  2243,  2243,  2243,     0,  2243,  2243,  2243,  2243,  2243,  2243,  2243,  2243,  2313,  2243,  2313,   170,  2243,  2243,  2313,  2243]
[ 2103,     0,  2168,  2103,  2243,     0,  2103,  2168,  2103,   170,  2168,   170,  2168,  2313,  2103,  2313,  2103,  2243,  2103,  2313,  2243]
[ 2103,  2103,  2168,  2103,  2243,  2103,     0,  2168,  2103,  2243,  2168,  2243,  2168,  2313,  2103,  2313,  2103,  2243,  2103,  2313,  2243]
[ 2168,  2168,  2168,  2168,  2243,  2168,  2168,     0,  2168,  2243,  2168,  2243,     0,  2313,  2168,   175,  2168,  2243,  2168,  2313,  2243]
[ 1821,  2103,  2168,  1821,  2243,  2103,  2103,  2168,     0,  2243,  2168,  2243,  2168,  2313,  2103,  2313,  2103,  2243,  1821,  2313,  2243]
[ 2243,   170,  2243,  2243,  2243,   170,  2243,  2243,  2243,     0,  2243,     0,  2243,  2313,  2243,  2313,  2243,  2243,  2243,  2313,  2243]
[ 2168,  2168,  2168,  2168,  2243,  2168,  2168,  2168,  2168,  2243,     0,  2243,  2168,  2313,  2168,  2313,  2168,  2243,  2168,  2313,  2243]
[ 2243,   170,  2243,  2243,  2243,   170,  2243,  2243,  2243,     0,  2243,     0,  2243,  2313,  2243,  2313,  2243,  2243,  2243,  2313,  2243]
[ 2168,  2168,  2168,  2168,  2243,  2168,  2168,     0,  2168,  2243,  2168,  2243,     0,  2313,  2168,   175,  2168,  2243,  2168,  2313,  2243]
[ 2313,  2313,  2313,  2313,  2313,  2313,  2313,  2313,  2313,  2313,  2313,  2313,  2313,     0,  2313,  2313,  2313,  2313,  2313,  2313,  2313]
[ 2103,  2103,  2168,  2103,  2243,  2103,  2103,  2168,  2103,  2243,  2168,  2243,  2168,  2313,     0,  2313,  2103,  2243,  2103,  2313,   170]
[ 2313,  2313,  2313,  2313,  2313,  2313,  2313,   175,  2313,  2313,  2313,  2313,   175,  2313,  2313,     0,  2313,  2313,  2313,  2313,  2313]
[ 2103,  2103,  2168,  2103,   170,  2103,  2103,  2168,  2103,  2243,  2168,  2243,  2168,  2313,  2103,  2313,     0,  2243,  2103,  2313,  2243]
[ 2243,  2243,  2243,  2243,  2243,  2243,  2243,  2243,  2243,  2243,  2243,  2243,  2243,  2313,  2243,  2313,  2243,     0,  2243,  2313,  2243]
[ 1713,  2103,  2168,  1713,  2243,  2103,  2103,  2168,  1821,  2243,  2168,  2243,  2168,  2313,  2103,  2313,  2103,  2243,     0,  2313,  2243]
[ 2313,  2313,   175,  2313,  2313,  2313,  2313,  2313,  2313,  2313,  2313,  2313,  2313,  2313,  2313,  2313,  2313,  2313,  2313,     0,  2313]
[ 2243,  2243,  2243,  2243,  2243,  2243,  2243,  2243,  2243,  2243,  2243,  2243,  2243,  2313,   170,  2313,  2243,  2243,  2243,  2313,     0]