[    0,  2103,  2103,  2168,  1821,  2103,  2103,  2243,  2168,  2168,  1713,  2168,  1713,  1876,  2168,  2168,  2103,  1713,  2103,  2243,  2168]
[ 2103,     0,     0,  2168,  2103,  2103,  2103,  2243,  2168,  2168,  2103,  2168,  2103,  2103,  2168,  2168,  2103,  2103,  2103,  2243,  2168]
[ 2103,     0,     0,  2168,  2103,  2103,  2103,  2243,  2168,  2168,  2103,  2168,  2103,  2103,  2168,  2168,  2103,  2103,  2103,  2243,  2168]
[ 2168,  2168,  2168,     0,  2168,  2168,  2168,  2243,  2168,  2168,  2168,  2168,  2168,  2168,     0,  2168,  2168,  2168,  2168,  2243,     0]
[ 1821,  2103,  2103,  2168,     0,  2103,  2103,  2243,  2168,  2168,   170,  2168,  1821,  1876,  2168,  2168,  2103,   170,  2103,  2243,  2168]
[ 2103,  2103,  2103,  2168,  2103,     0,     0,  2243,  2168,  2168,  2103,  2168,  2103,  2103,  2168,  2168,  2103,  2103,  2103,  2243,  2168]
[ 2103,  2103,  2103,  2168,  2103,     0,     0,  2243,  2168,  2168,  2103,  2168,  2103,  2103,  2168,  2168,  2103,  2103,  2103,  2243,  2168]
[ 2243,  2243,  2243,  2243,  2243,  2243,  2243,     0,  2243,  2243,  2243,  2243,  2243,  2243,  2243,  2243,  2243,  2243,   170,  2243,  2243]
[ 2168,  2168,  2168,  2168,  2168,  2168,  2168,  2243,     0,  2168,  2168,     0,  2168,  2168,  2168,  2168,  2168,  2168,  2168,  2243,  2168]
[ 2168,  2168,  2168,  2168,  2168,  2168,  2168,  2243,  2168,     0,  2168,  2168,  2168,  2168,  2168,  2168,  2168,  2168,  2168,  2243,  2168]
[ 1713,  2103,  2103,  2168,   170,  2103,  2103,  2243,  2168,  2168,     0,  2168,  1713,  1876,  2168,  2168,  2103,     0,  2103,  2243,  2168]
[ 2168,  2168,  2168,  2168,  2168,  2168,  2168,  2243,     0,  2168,  2168,     0,  2168,  2168,  2168,  2168,  2168,  2168,  2168,  2243,  2168]
[ 1713,  2103,  2103,  2168,  1821,  2103,  2103,  2243,  2168,  2168,  1713,  2168,     0,  1876,  2168,  2168,  2103,  1713,  2103,  2243,  2168]
[ 1876,  2103,  2103,  2168,  1876,  2103,  2103,  2243,  2168,  2168,  1876,  2168,  1876,     0,  2168,  2168,  2103,  1876,  2103,  2243,  2168]
[ 2168,  2168,  2168,     0,  2168,  2168,  2168,  2243,  2168,  2168,  2168,  2168,  2168,  2168,     0,  2168,  2168,  2168,  2168,  2243,     0]
[ 2168,  2168,  2168,  2168,  2168,  2168,  2168,  2243,  2168,  2168,  2168,  2168,  2168,  2168,  2168,     0,  2168,  2168,  2168,  2243,  2168]
[ 2103,  2103,  2103,  2168,  2103,  2103,  2103,  2243,  2168,  2168,  2103,  2168,  2103,  2103,  2168,  2168,     0,  2103,  2103,   170,  2168]
[ 1713,  2103,  2103,  2168,   170,  2103,  2103,  2243,  2168,  2168,     0,  2168,  1713,  1876,  2168,  2168,  2103,     0,  2103,  2243,  2168]
[ 2103,  2103,  2103,  2168,  2103,  2103,  2103,   170,  2168,  2168,  2103,  2168,  2103,  2103,  2168,  2168,  2103,  2103,     0,  2243,  2168]
[ 2243,  2243,  2243,  2243,  2243,  2243,  2243,  2243,  2243,  2243,  2243,  2243,  2243,  2243,  2243,  2243,   170,  2243,  2243,     0,  2243]
[ 2168,  2168,  2168,     0,  2168,  2168,  2168,  2243,  2168,  2168,  2168,  2168,  2168,  2168,     0,  2168,  2168,  2168,  2168,  2243,     0]